[points]
# We add normal vector (nx, ny, nz)
# x    y    z       nx   ny  nz     r   g   b

# The base
-0.5 -0.5 -0.3     0.0 -1.0 0.0    1.0 1.0 1.0
+0.5 -0.5 -0.3     0.0 -1.0 0.0    1.0 1.0 1.0
+0.5 +0.5 -0.3     0.0 -1.0 0.0    1.0 1.0 1.0
-0.5 +0.5 -0.3     0.0 -1.0 0.0    1.0 1.0 1.0

# Face sides have their own copy of the vertices
# because they have a different normal vector.
-0.5 -0.5 -0.3  0.0 0.53 -0.848    1.0 1.0 1.0
+0.5 -0.5 -0.3  0.0 0.53 -0.848    1.0 1.0 1.0
+0.0 +0.0 +0.5  0.0 0.53 -0.848    1.0 1.0 1.0

+0.5 -0.5 -0.3   0.848 0.53 0.0    1.0 1.0 1.0
+0.5 +0.5 -0.3   0.848 0.53 0.0    1.0 1.0 1.0
+0.0 +0.0 +0.5   0.848 0.53 0.0    1.0 1.0 1.0

+0.5 +0.5 -0.3   0.0 0.53 0.848    1.0 1.0 1.0
-0.5 +0.5 -0.3   0.0 0.53 0.848    1.0 1.0 1.0
+0.0 +0.0 +0.5   0.0 0.53 0.848    1.0 1.0 1.0

-0.5 +0.5 -0.3  -0.848 0.53 0.0    1.0 1.0 1.0
-0.5 -0.5 -0.3  -0.848 0.53 0.0    1.0 1.0 1.0
+0.0 +0.0 +0.5  -0.848 0.53 0.0    1.0 1.0 1.0

[indices]
# Base
 0  1  2
 0  2  3
# Sides
 4  5  6
 7  8  9
10 11 12
13 14 15
